103064
103071
103072
103081
103082
103091
103092
103093
103094
103095
103101
103111
103112
103113
103121
103131
103132
103133
103141
103142
103143
103161
103162
103163
103181
103182
103183
103184
103221
103232
104013
104022
104023
104031
104033
104062
104071
104072
104082
104083
104092
104112
104113
104114
104141
104142
104144
104151
104163
104164
104171
104172
104174
104181
104182
104184
104192
104193
104201
104202
104203
104204
104221
104222
104224
104231
104241
104244
104252
104263
104272
104274
104291
104293
104301
1050872
1050894
1050941
1050952
1050961
1050964
1050972
1050982
1051004
1051031
1051033
1051041
1051091
1051201
1051231
1051243
1051251
1051331
1051342
1051442
1051512
1051572
1051731
1051871
1051891
1051903
1051911
1051922
1052022
1052041
1052051
1052062
1052102
1052172
1052224
1052272
1052321
1052352
1052361
1052373
1052381
1052391
1052411
1052431
1052461
1052481
1052512
1052521
1052523
1052573
1052642
1052662
1052671
1052672
1052702
1052771
1052781
1052791
1052801
1052821
1052822
1052842
1052851
1052902
1052921
1052954
1053023
1053043
1053062
1053093
1053112
1053151
1053152
1053162
1053171
1053184
1053202
1053212
1053222
1053231
1053252
1053302
1053304
1053311
1053322
1053331
1053342
1053431
1053433
1053474
1053484
1053513
1053521
1053532
1053543
1053551
1053553
1053581
1053582
1053591
1053593
1053601
1053632
1053713
1053714
1053734
1053742
1053753
1053821
1053831
1053871
1053883
1053892
1053893
1053903
1053931
1053951
1053962
1053982
1054041
1054061
1054063
1054072
1054081
1054082
1054101
1054133
1054141
1054192
1054203
1054242
1054243
1054252
1054253
1054261
1054271
1054272
1054273
1054281
1054282
1054291
1054292
1054293
1054301
1054302
1054303
1054311
1054312
1054313
1054321
1054322
1054323
1054324
1054331
1054332
1054341
1054342
1054351
1054361
1054362
1054363
1054364
1054371
1054381
1054391
1054392
1054401
1054402
1054411
1054412
1054421
1054422
1054423
1054424
1054431
1054432
1054433
1054441
1054442
1054443
1054444
1054451
1054452
1054461
1054462
1054463
1054464
1054471
1054472
1054473
1054481
1054482
1054483
1054491
1054492
1054501
1054502
1054503
1054521
1054522
1054531
1054532
1054541
1054542
1054543
1054544
1054551
1054552
1054553
1054561
1054562
1054563
1054571
1054572
1054573
1054574
1054581
1054582
1054591
1054592
1054593
1054601
1054602
1054603
1054611
1054612
1054621
1054622
1054631
1054632
1054633
1054634
1054641
1054642
1054651
1054652
1054661
1054662
1054663
1054671
1054672
1054673
1054681
1054682
1054691
1054692
1054693
1054701
1054702
1054703
1054711
1054712
1054713
1054731
1054732
1054733
1054741
1054742
1054743
1054744
1054751
1054752
1054753
1054761
1054762
1054763
1054764
1054771
1054772
1054781
1054782
1054783
1054791
1054792
1054793
1054794
1054801
1054802
1054811
1054812
1054813
1054814
1054821
1054822
1054831
1054832
1054841
1054842
1054851
1054852
1054853
1054854
1054855
1054861
1054862
1054863
1054881
1054882
1054883
1054891
1054892
1054901
1054902
1054903
1054904
1054911
1054912
1054913
1054914
1054915
1054921
1054922
1054931
1054932
1054933
1054934
1054941
1054942
1054943
1054944
1054951
1054952
1054953
1054961
1054971
1054972
1054973
1054981
1054982
1054983
1054991
1054992
1055001
1055002
1055003
1055011
1055012
1055013
1055021
1055022
1055023
1055031
1055041
1055042
1055051
1055052
1055053
1055061
1055062
1055063
1055064
1055071
1055072
1055073
1055074
1055081
1055082
1055083
1055091
1055101
1055102
1055111
1055112
1055113
1055114
1055121
1055131
1055132
1055133
1055141
1055142
1055143
1055144
1055151
1055152
1055153
1055161
1055162
1055171
1055172
1055173
1055174
1055181
1055182
1055183
1055191
1055192
1055193
1055201
1055202
1055203
1055211
1055212
1055221
1055222
1055231
1055232
1055233
1055234
1055241
1055251
1055252
1055253
1055254
1055255
1055261
1055271
1055272
1055273
1055274
1055281
1055282
1055283
1055291
1055292
1055301
1055302
1055303
1055311
1055312
1055313
1055321
1055322
1055331
1055351
1055352
1055353
1055354
1055361
1055362
1055371
1055372
1055373
1055381
1055382
1055383
1055391
1055392
1055393
1055401
1055411
1055412
1055413
1055421
1055431
1055432
1055433
1055451
1055452
1055461
1055462
1055471
1055472
1055481
1055482
1055483
1055491
1055492
1055493
1055501
1055502
1055511
1055512
1055513
1055514
1055521
1055522
1055523
1055524
1055531
1055532
1055533
1055534
1055541
1055542
1055543
1055544
1055551
1055552
1055553
1055554
1055561
1055562
1055563
1055571
1055572
1055573
1055574
1055581
1055582
1055583
1055584
1055591
1055592
1055593
1055594
1055601
1055602
1055603
1055611
1055612
1055613
1055614
1055621
1055622
1055623
1055624
1055625
1055631
1055632
1055633
1055634
1055641
1055642
1055643
1055644
1055651
1055652
1055653
1055654
1055655
1055661
1055662
1055663
1055664
1055671
1055672
1055673
1055674
1055681
1055682
1055683
1055684
1055691
1055692
1055693
1055694
1055701
1055702
1055703
1055704
1055705
1055711
1055712
1055713
1055714
1055721
1055722
1055723
1055724
1055731
1055732
1055733
1055734
1055741
1055742
1055743
1055744
1055751
1055752
1055753
1055754
1055761
1055762
1055763
1055764
1055771
1055772
1055773
1055774
1055781
1055782
1055783
1055784
1055791
1055792
1055793
1055794
1055801
1055802
1055803
1055804
1055805
1055811
1055812
1055813
1055814
1055821
1055822
1055823
1055824
1055831
1055832
1055833
1055834
1055841
1055842
1055843
1055844
1055851
1055852
1055853
1055854
1055855
1055861
1055862
1055863
1055864
1055871
1055872
1055873
1055874
1055881
1055882
1055883
1055884
1055891
1055892
1055893
1055894
1055895
1055901
1055902
1055903
1055904
1055905
1055911
1055912
1055913
1055914
1055921
1055922
1055923
1055924
1055931
1055932
1055933
1055934
1055941
1055942
1055943
1055944
1055951
1055952
1055953
1055954
1055961
1055962
1055963
1055964
1055971
1055972
1055973
1055974
1055981
1055982
1055983
1055984
1055991
1055992
1055993
1055994
1056001
1056002
1056003
1056004
1056011
1056012
1056013
1056014
1056021
1056022
1056023
1056024
1056031
1056032
1056033
1056034
1056035
1056041
1056042
1056043
1056044
1056051
1056052
1056053
1056054
1056055
1056061
1056062
1056063
1056064
1056065
1056071
1056072
1056073
1056074
1056081
1056082
1056083
1056084
1056091
1056092
1056093
1056094
1056101
1056102
1056103
1056104
1056111
1056112
1056113
1056114
1056121
1056122
1056123
1056124
1056131
1056132
1056133
1056134
1056141
1056142
1056143
1056144
1056145
1056151
1056152
1056153
1056154
1056155
1056156
1056161
1056162
1056163
1056164
1056171
1056172
1056173
1056174
1056181
1056182
1056183
1056184
1056185
1056191
1056192
1056193
1056194
1056201
1056202
1056203
1056204
1056211
1056212
1056213
1056214
1056221
1056222
1056223
1056224
1056231
1056232
1056233
1056234
1056241
1056243
1056244
1056251
1056252
1056253
1056254
1056255
1056256
1056261
1056262
1056263
1056264
1056271
1056272
1056273
1056274
1056275
1056281
1056282
1056283
1056284
1056291
1056292
1056293
1056294
1056301
1056302
1056303
1056304
1056311
1056312
1056313
1056314
1056321
1056322
1056323
1056324
1056331
1056332
1056333
1056334
1056341
1056342
1056343
1056344
1056351
1056352
1056353
1056354
1056361
1056362
1056363
1056364
1056371
1056372
1056373
1056374
1056381
1056382
1056383
1056384
1056391
1056392
1056393
1056394
1056401
1056403
1056404
1056411
1056412
1056413
1056414
1056421
1056422
1056423
1056424
1056431
1056432
1056433
1056434
1056441
1056442
1056443
1056444
1056451
1056452
1056453
1056454
1056455
1056461
1056462
1056463
1056464
1056471
1056472
1056473
1056474
1056481
1056482
1056483
1056484
1056491
1056492
1056493
1056494
1056501
1056502
1056503
1056504
1056511
1056512
1056513
1056514
1056521
1056522
1056523
1056524
1056531
1056532
1056533
1056534
1056541
1056542
1056543
1056544
1056551
1056552
1056553
1056554
1056561
1056562
1056563
1056564
1056571
1056572
1056573
1056574
1056581
1056582
1056583
1056584
1056585
1056591
1056592
1056593
1056594
1056601
1056602
1056603
1056604
1056611
1056612
1056613
1056614
1056621
1056622
1056623
1056624
1056631
1056632
1056633
1056634
1056641
1056642
1056643
1056644
1056651
1056652
1056653
1056654
1056655
1056661
1056662
1056663
1056664
1056671
1056672
1056673
1056674
1056675
1056681
1056682
1056683
1056684
1056691
1056692
1056693
1056694
1056701
1056702
1056703
1056704
1056711
1056712
1056713
1056714
1056721
1056722
1056723
1056724
1056731
1056732
1056733
1056734
1056735
1056736
1056741
1056742
1056743
1056744
1056751
1056752
1056753
1056754
1056761
1056762
1056763
1056764
1056771
1056772
1056773
1056774
1056781
1056782
1056783
1056784
1056791
1056792
1056793
1056794
1056801
1056802
1056803
1056804
1056805
1056811
1056812
1056813
1056814
1056815
1056821
1056822
1056823
1056824
1056831
1056832
1056833
1056834
1056835
1056841
1056842
1056843
1056844
1056851
1056852
1056853
1056854
1056861
1056862
1056863
1056864
1056871
1056872
1056873
1056874
1056881
1056882
1056883
1056884
1056891
1056892
1056893
1056894
1056901
1056902
1056903
1056904
1056911
1056912
1056913
1056914
1056921
1056922
1056923
1056924
1056931
1056932
1056933
1056934
1056935
1056936
1056941
1056942
1056943
1056944
1056945
1056951
1056952
1056953
1056954
1056961
1056962
1056963
1056964
1056971
1056972
1056973
1056974
1056981
1056982
1056983
1056984
1056991
1056992
1056993
1056994
1056995
1057001
1057002
1057003
1057004
1057005
1057011
1057012
1057013
1057014
1057021
1057022
1057023
1057024
1057031
1057032
1057033
1057034
1057041
1057042
1057043
1057044
1057051
1057052
1057053
1057054
1057055
1057061
1057062
1057063
1057064
1057071
1057072
1057073
1057074
1057081
1057082
1057083
1057084
1057091
1057092
1057093
1057094
1057101
1057102
1057103
1057104
1057111
1057112
1057113
1057114
1057115
1057121
1057122
1057123
1057124
1057131
1057132
1057133
1057134
1057141
1057142
1057143
1057144
1057151
1057152
1057153
1057154
1057161
1057162
1057163
1057164
1057165
1057166
1057171
1057172
1057173
1057174
1057181
1057182
1057183
1057184
1057191
1057192
1057193
1057194
1057201
1057202
1057203
1057204
1057211
1057212
1057213
1057214
1057221
1057222
1057223
1057224
1057231
1057232
1057233
1057234
1057241
1057242
1057243
1057244
1057251
1057252
1057253
1057254
1057255
1057261
1057262
1057263
1057264
1057265
1057271
1057272
1057273
1057274
1057281
1057282
1057283
1057284
1057291
1057292
1057293
1057294
1057301
1057302
1057303
1057304
1057311
1057312
1057313
1057314
1057321
1057322
1057323
1057324
1057331
1057332
1057333
1057341
1057342
1057343
1057344
1057351
1057352
1057353
1057354
1057361
1057362
1057363
1057364
1057371
1057372
1057373
1057374
1057381
1057382
1057383
1057384
1057391
1057392
1057393
1057394
1057401
1057402
1057403
1057404
1057411
1057412
1057413
1057414
1057421
1057422
1057423
1057424
1057431
1057432
1057433
1057434
1057441
1057442
1057443
1057444
1057451
1057452
1057453
1057454
1057461
1057462
1057463
1057464
1057471
1057472
1057473
1057474
1057481
1057482
1057483
1057484
1057491
1057492
1057493
1057495
1057501
1057502
1057503
1057504
1057505
1057511
1057512
1057513
1057514
1057515
1057521
1057522
1057523
1057524
1057525
1057531
1057532
1057533
1057534
1057541
1057542
1057543
1057544
1057551
1057552
1057553
1057554
1057555
1057561
1057562
1057563
1057564
1057571
1057572
1057573
1057574
1057581
1057582
1057583
1057584
1057591
1057592
1057593
1057594
1057601
1057602
1057603
1057604
1057605
1057606
1057607
1057611
1057612
1057613
1057614
1057615
1057621
1057622
1057623
1057624
1057631
1057632
1057633
1057634
1057641
1057642
1057643
1057644
1057651
1057652
1057653
1057654
1057661
1057662
1057663
1057664
1057671
1057672
1057673
1057674
1057681
1057682
1057683
1057684
1057691
1057692
1057693
1057694
1057701
1057702
1057703
1057704
1057711
1057712
1057713
1057714
1057721
1057722
1057723
1057724
1057731
1057732
1057733
1057734
1057741
1057742
1057743
1057744
1057751
1057752
1057753
1057754
1057755
1057761
1057762
1057763
1057764
1057765
1057771
1057773
1057774
1057781
1057782
1057783
1057784
1057791
1057792
1057793
1057794
1057795
1057801
1057802
1057803
1057804
1057811
1057812
1057813
1057814
1057821
1057822
1057823
1057824
1057831
1057832
1057833
1057834
1057842
1057843
1057844
1057851
1057852
1057853
1057854
1057855
1057861
1057862
1057863
1057864
1057871
1057872
1057873
1057874
1057881
1057882
1057883
1057884
1057891
1057892
1057893
1057894
1057901
1057902
1057903
1057904
1057905
1057911
1057912
1057913
1057914
1057915
1057921
1057922
1057923
1057924
1057931
1057932
1057933
1057934
1057942
1057943
1057944
1057951
1057952
1057953
1057954
1057961
1057962
1057963
1057964
1057971
1057972
1057973
1057974
1057981
1057982
1057983
1057984
1057991
1057992
1057994
1058001
1058002
1058003
1058004
1058011
1058012
1058013
1058014
1058021
1058022
1058023
1058024
1058031
1058032
1058033
1058034
1058041
1058042
1058043
1058044
1058051
1058052
1058053
1058054
1058055
1058061
1058062
1058063
1058064
1058065
1058071
1058072
1058073
1058074
1058075
1058081
1058082
1058083
1058084
1058091
1058092
1058093
1058094
1058101
1058102
1058103
1058104
1058111
1058112
1058113
1058114
1058121
1058122
1058123
1058124
1058131
1058132
1058133
1058134
1058141
1058142
1058143
1058144
1058145
1058151
1058152
1058153
1058154
1058162
1058163
1058164
1058171
1058172
1058173
1058174
1058181
1058182
1058183
1058184
1058185
1058186
1058191
1058192
1058193
1058194
1058195
1058201
1058202
1058203
1058204
1060011
1060012
1060013
1060014
1060015
1060021
1060022
1060023
1060024
1060031
1060032
1060033
1060034
1060041
1060042
1060043
1060044
1060045
1060051
1060052
1060053
1060054
1060061
1060062
1060063
1060064
1060072
1060073
1060074
1060081
1060082
1060083
1060084
1060091
1060092
1060093
1060094
1060101
1060102
1060103
1060104
1060111
1060112
1060113
1060114
1060121
1060122
1060131
1060132
1060141
1060142
1060143
1060144
1060151
1060152
1060153
1060161
1060162
1060163
1060164
1060171
1060172
1060173
1060181
1060182
1060191
1060192
1060193
1060201
1060202
1060203
1060211
1060212
1060213
1060221
1060222
1060223
1060231
1060232
1060241
1060242
1060251
1060252
1060261
1060262
1060263
1060271
1060272
1060281
1060282
1060291
1060292
1060293
1060301
1060302
1060311
1060321
1060322
1060323
1060324
1060331
1060332
1060333
1060341
1060342
1060343
1060351
1060352
1060353
1060361
1060362
1060363
1060381
1060382
1060383
1060391
1060392
1060401
1060402
1060403
1060411
1060412
1060421
1060422
1060431
1060432
1060441
1060442
1060451
1060452
1060461
1060462
1060463
1060471
1060472
1060481
1060482
1060491
1060501
1060502
1060511
1060512
1060521
1060531
1060532
1060533
1060541
1060542
1060551
1060552
1060553
1060561
1060562
1060571
1060572
1060581
1060582
1060591
1060592
1060593
1060611
1060612
1060613
1060621
1060631
1060632
1060633
1060641
1060651
1060652
1060661
1060662
1060671
1060681
1060682
1060691
1060692
1060693
1060701
1060711
1060712
1060713
1060721
1060731
1060741
1060742
1060743
1060751
1060752
1060761
1060771
1060772
1060781
1060791
1060792
1060801
1060802
1060803
1060811
1060831
1060832
1060833
1060841
1060851
1060852
1060861
1060862
1060871
1060881
1060882
1060891
1060892
1060911
1070011
1070012
1070013
1070014
1070021
1070022
1070023
1070024
1070501
1070502
1070503
1070504
1070505
1070511
1070512
1070513
1070514
1070521
1070522
1070523
1070524
1070531
1070532
1070533
1070534
1070541
1070542
1070543
1070544
1070551
1070552
1070553
1070554
1070561
1070562
1070563
1070564
1070565
1070571
1070572
1070581
1070583
1070591
1070592
1070593
1070594
1070601
1070603
1070611
1070612
1070613
1070614
1070621
1070622
1070623
1070624
1070631
1070632
1070633
1070641
1070642
1070643
1070644
1070651
1070652
1070653
1070654
1070655
1070661
1070662
1070663
1070664
1070671
1070672
1070673
1070674
1070681
1070682
1070683
1070684
1070691
1070692
1070693
1070694
1070701
1070702
1070703
1070711
1070712
1070713
1070721
1070722
1070723
1070731
1070732
1070733
1070734
1070741
1070742
1070743
1070744
1070751
1070752
1070753
1070761
1070762
1070763
1070771
1070772
1070781
1070782
1070783
1070791
1070792
1070793
1070801
1070802
1070803
1070811
1070812
1070813
1070814
1070821
1070822
1070823
1070824
1070832
1070841
1070842
1070843
1070844
1070851
1070852
1070853
1070861
1070862
1070863
1070864
1070871
1070872
1070873
1070874
1070881
1070882
1070883
1070891
1070892
1070901
1070902
1070903
1070911
1070912
1070913
1070921
1070922
1070923
1070924
1070931
1070932
1070933
1070934
1070941
1070942
1070943
1070951
1070952
1070953
1070961
1070962
1070963
1070971
1070972
1070973
1070974
1070975
1070991
1070992
1070993
1070994
1070995
1071001
1071002
1071003
1071011
1071012
1071013
1071021
1071022
1071023
1071024
1071031
1071033
1071034
1071041
1071042
1071043
1071044
1071051
1071052
1071053
1071061
1071062
1071063
1071071
1071072
1071073
1071074
1071075
1071081
1071082
1071083
1071084
1071091
1071092
1071093
1071094
1071101
1071102
1071104
1071111
1071112
1071113
1071114
1071121
1071122
1071123
1071131
1071141
1071142
1071143
1071144
1071151
1071152
1071153
1071154
1071161
1071162
1071171
1071172
1071173
1071174
1071181
1071182
1071183
1071184
1071191
1071192
1071193
1071194
1071195
1071201
1071202
1071203
1071204
1071211
1071212
1071213
1071214
1071221
1071222
1071223
1071224
1071231
1071232
1071233
1071234
1071241
1071242
1071243
1071244
1071251
1071252
1071253
1071254
1071255
1071261
1071262
1071263
1071264
1071271
1071272
1071273
1071274
1071281
1071282
1071284
1071285
1071291
1071292
1071293
1071294
1071295
1071301
1071311
1071321
1071322
1071323
1071324
1071325
1071331
1071332
1071333
1071341
1071351
1071353
1071354
1071361
1071362
1071363
1071364
1071371
1071372
1071373
1071381
1071382
1071383
1071384
1071391
1071392
1071393
1071394
1071401
1071402
1071403
1071404
1071405
1071411
1071412
1071413
1071414
1071421
1071422
1071423
1071424
1071431
1071432
1071433
1071441
1071442
1071443
1071444
1071451
1071452
1071453
1071461
1071462
1071463
1071464
1071471
1071472
1071473
1071474
1071481
1071482
1071483
1071484
1071491
1071492
1071493
1071494
1071501
1071502
1071503
1071504
1071505
1071511
1071512
1071521
1071522
1071523
1071531
1071532
1071533
1071534
1071541
1071542
1071543
1071544
1071545
1071551
1071552
1071553
1071561
1071562
1071563
1071564
1071571
1071572
1071573
1071574
1071581
1071582
1071583
1071584
1071592
1071593
1071594
1071601
1071602
1071603
1071604
1071611
1071612
1071613
1071614
1071615
1071621
1071622
1071623
1071624
1071625
1071631
1071632
1071633
1071641
1071642
1071643
1071644
1071651
1071652
1071653
1071654
1071661
1071662
1071663
1071671
1071672
1071673
1071681
1071682
1071683
1071691
1071692
1071693
1071694
1071701
1071702
1071703
1071711
1071712
1071713
1071721
1071722
1071731
1071732
1071733
1071734
1071735
1071741
1071742
1071743
1071744
1071751
1071752
1071753
1071761
1071762
1071763
1071764
1071771
1071772
1071773
1071774
1071775
1071782
1071783
1071784
1071791
1071792
1071793
1071801
1071802
1071803
1071804
1071805
1071811
1071812
1071813
1071814
1071821
1071822
1071823
1071831
1071832
1071833
1071834
1071841
1071843
1071844
1071851
1071852
1071853
1071854
1071861
1071862
1071863
1071871
1071872
1071873
1071874
1071881
1071882
1071883
1071884
1071891
1071892
1071893
1071894
1071901
1071902
1071903
1071904
1071905
1071911
1071912
1071913
1071914
1071921
1071931
1071932
1071933
1071941
1071942
1071943
1071944
1071951
1071961
1071962
1071963
1071964
1071971
1071972
1071973
1071981
1071982
1071983
1071991
1071992
1071993
1071994
1080011
1080012
1080013
1080014
1080021
1080022
1080023
1080024
1080025
1080031
1080032
1080033
1080034
1080041
1080042
1080043
1080044
1080045
1080051
1080052
1080053
1080061
1080062
1080063
1080071
1080072
1080073
1080074
1080075
1080076
1080077
1080078
1080081
1080082
1080083
1080091
1080092
1080093
1080094
1080101
1080102
1080103
1080104
1080111
1080112
1080113
1080121
1080122
1080123
1080124
1080131
1080132
1080133
1080134
1080141
1080142
1080143
1080144
1080151
1080152
1080153
1080154
1080155
1080161
1080162
1080163
1080164
1080171
1080172
1080173
1080174
1080175
1080176
1080181
1080182
1080183
1080184
1080191
1080192
1080193
1080194
1080195
1080201
1080202
1080203
1080204
1080211
1080212
1080213
1080214
1080221
1080222
1080223
1080231
1080232
1080233
1080234
1080241
1080242
1080243
1080244
1080245
1080251
1080252
1080253
1080254
1080261
1080262
1080263
1080264
1080271
1080272
1080273
1080274
1080291
1080292
1080293
1080301
1080302
1080303
1080311
1080312
1080313
1080314
1080321
1080322
1080323
1080324
1080331
1080332
1080333
1080334
1080335
1080341
1080342
1080343
1080344
1080351
1080352
1080353
1080354
1080361
1080362
1080363
1080364
1080371
1080372
1080373
1080374
1080381
1080382
1080383
1080384
1080391
1080392
1080393
1080394
1080401
1080402
1080403
1080404
1080411
1080412
1080413
1080421
1080422
1080423
1080424
1080431
1080432
1080433
1080434
1080441
1080442
1080443
1080444
1080451
1080452
1080453
1080454
1080462
1080463
1080464
1080471
1080472
1080473
1080474
1080481
1080482
1080483
1080484
1080491
1080492
1080493
1080494
1080495
1080501
1080502
1080503
1080504
1080511
1080512
1080513
1080521
1080522
1080531
1080532
1080533
1080534
1080541
1080542
1080543
1080544
1080551
1080552
1080553
1080554
1080561
1080562
1080563
1080564
1080571
1080572
1080573
1080581
1080582
1080583
1080591
1080592
1080593
1080601
1080602
1080603
1080604
1080611
1080612
1080613
1080614
1080621
1080622
1080624
1080631
1080632
1080633
1080634
1080641
1080642
1080643
1080644
1080645
1080651
1080652
1080653
1080654
1080661
1080671
1080672
1080673
1080674
1080675
1080681
1080682
1080683
1080684
1080691
1080692
1080693
1080694
1080701
1080702
1080703
1080704
1080711
1080712
1080713
1080721
1080722
1080723
1080724
1080731
1080732
1080733
1080734
1080741
1080742
1080743
1080744
1080751
1080752
1080753
1080761
1080762
1080763
1080764
1080781
1080782
1080783
1080791
1080792
1080793
1080794
1080795
1080801
1080802
1080803
1080804
1080811
1080812
1080813
1080814
1080821
1080822
1080823
1080824
1080831
1080832
1080833
1080834
1080841
1080842
1080843
1080844
1080852
1080853
1080854
1080861
1080862
1080863
1080864
1080865
1080866
1080867
1080868
1080871
1080872
1080873
1080874
1080881
1080893
1080894
1080902
1080903
1080904
1080911
1080921
1080922
1080923
1080924
1080931
1080933
1080934
1080941
1080942
1080943
1080944
1080952
1080953
1080961
1080962
1080963
1080964
1080971
1080972
1080973
1080974
1080981
1080982
1080983
1080984
1080992
1080993
1080994
1081001
1081002
1081004
1081011
1081012
1081013
1081014
1081022
1081023
1081024
1090901
1090912
1091001
1091002
1091003
1091004
1091011
1091012
1091013
1091014
1091015
1091021
1091022
1091023
1091024
1091031
1091032
1091033
1091041
1091042
1091043
1091051
1091052
1091053
1091061
1091062
1091063
1091064
1091065
1091071
1091072
1091073
1091074
1091075
1091081
1091082
1091083
1091084
1091085
1091091
1091092
1091093
1091101
1091102
1091111
1091112
1091113
1091121
1091122
1091123
1091124
1091131
1091132
1091133
1091134
1091141
1091142
1091143
1091144
1091152
1091153
1091161
1091162
1091163
1091164
1091171
1091172
1091173
1091174
1091181
1091182
1091191
1091192
1091193
1091194
1091195
1091196
1091201
1091202
1091203
1091211
1091221
1091222
1091223
1091224
1091225
1091226
1091231
1091232
1091233
1091234
1091235
1091241
1091242
1091251
1091252
1091253
1091254
1091261
1091262
1091263
1091264
1091265
1091271
1091272
1091273
1091274
1091281
1091282
1091283
1091284
1091285
1091286
1091291
1091293
1091294
1091295
1091296
1091301
1091302
1091303
1091304
1091305
1091311
1091312
1091313
1091314
1091315
1091321
1091322
1091323
1091324
1091331
1091332
1091333
1091334
1091341
1091342
1091343
1091344
1091345
1091346
1091347
1091351
1091352
1091353
1091354
1091355
1091356
1091361
1091362
1091363
1091364
1091365
1091367
1091371
1091372
1091373
1091374
1091375
1091376
1091377
1091381
1091382
1091384
1091391
1091392
1091393
1091395
1091401
1091402
1091403
1091412
1091413
1091414
1091421
1091422
1091423
1091424
1091425
1091431
1091432
1091433
1091434
1091435
1091441
1091442
1091443
1091444
1091445
1091451
1091452
1091453
1091454
1091455
1091461
1091462
1091463
1091464
1091465
1091471
1091472
1091473
1091474
1091481
1091482
1091483
1091484
1091491
1091492
1091493
1091494
1091501
1091502
1091503
1091504
1091511
1091512
1091513
1091514
1091521
1091522
1091523
1091524
1091525
1091526
1091527
1091531
1091532
1091533
1091534
1091535
1091541
1091542
1091543
1091544
1091545
1091551
1091552
1091553
1091554
1091561
1091562
1091563
1091564
1091571
1091572
1091573
1091574
1091575
1091576
1091577
1091578
1091579
1091581
1091582
1091583
1091584
1091585
1091586
1091591
1091592
1091593
1091594
1091595
1091601
1091602
1091603
1091604
1091611
1091612
1091613
1091614
1091615
1091621
1091622
1091623
1091631
1091632
1091633
1091634
1091641
1091642
1091643
1091644
1091651
1091652
1091653
1091654
1091655
1091661
1091662
1091663
1091671
1091672
1091673
1091674
1091675
1091681
1091682
1091683
1091684
1091691
1091692
1091701
1091702
1091711
1091712
1091713
1091714
1091715
1091721
1091722
1091723
1091724
1091731
1091732
1091733
1091741
1091742
1091743
1091744
1091751
1091752
1091753
1091754
1091755
1091756
1100011
1100012
1100013
1100014
1100021
1100022
1100023
1100031
1100032
1100041
1100042
1100043
1100044
1100051
1100052
1100053
1100054
1100061
1100062
1100063
1100071
1100072
1100073
1100074
1100081
1100082
1100083
1100091
1100092
1100093
1100094
1100101
1100102
1100103
1100104
1100111
1100112
1100113
1100114
1100121
1100122
1100123
1100124
1100131
1100132
1100133
1100134
1100141
1100142
1100143
1100144
1100151
1100152
1100153
1100154
1100161
1100162
1100163
1100164
1100165
1100166
1100167
1100168
1100169
1100171
1100173
1100174
1100181
1100182
1100183
1100184
1100185
1100191
1100192
1100193
1100194
1100201
1100202
1100203
1100211
1100212
1100213
1100214
1100221
1100222
1100223
1100224
1100231
1100232
1100241
1100242
1100243
1100244
1100251
1100252
1100253
1100254
1100261
1100262
1100263
1100264
1100271
1100273
1100281
1100282
1100283
1100284
1100291
1100292
1100293
1100294
1100301
1100302
1100303
1100304
1100311
1100312
1100313
1100314
1100321
1100322
1100323
1100331
1100332
1100334
1100335
1100336
1100337
1100338
1100341
1100342
1100343
1100351
1100352
1100353
1100354
1100361
1100362
1100363
1100364
1100371
1100372
1100373
1100374
1100381
1100382
1100383
1100384
1100385
1100386
1100387
1100391
1100392
1100393
1100394
1100395
1100396
1100397
1100398
1100401
1100402
1100403
1100411
1100412
1100413
1100414
1100415
1100421
1100422
1100423
1100424
1100431
1100432
1100433
1100441
1100442
1100443
1100451
1100452
1100453
1100454
1100455
1100456
1100461
1100462
1100463
1100464
1100471
1100472
1100473
1100481
1100482
1100483
1100491
1100492
1100493
1100494
1100501
1100502
1100503
1100504
1100511
1100512
1100513
1100521
1100523
1100524
1100525
1100526
1100531
1100532
1100533
1100534
1100541
1100542
1100543
1100544
1100551
1100552
1100553
1100561
1100562
1100563
1100564
1100571
1100572
1100573
1100574
1100575
1100581
1100582
1100583
1100584
1100591
1100592
1100593
1100601
1100602
1100603
1100604
1100611
1100612
1100613
1100614
1100621
1100622
1100623
1100631
1100632
1100633
1100634
1100641
1100642
1100643
1100644
1100652
1100653
1100654
1100661
1100662
1100663
1100664
1100665
1100671
1100672
1100673
1100681
1100682
1100683
1100684
1100691
1100693
1100694
1100701
1100702
1100703
1100704
1100711
1100712
1100713
1100721
1100722
1100723
1100724
1100731
1100732
1100733
1100734
1100741
1100742
1100743
1100751
1100752
1100753
1100754
1100761
1100762
1100763
1100771
1100772
1100773
1100774
1100781
1100782
1100783
1100784
1100791
1100792
1100793
1100801
1100802
1100803
1100804
1100812
1100813
1100814
1100821
1100822
1100823
1100824
1100831
1100832
1100841
1100842
1100843
1100844
1100851
1100852
1100853
1100854
1100855
1100861
1100862
1100863
1100864
1100871
1100872
1100873
1100874
1100875
1100876
1100881
1100882
1100883
1100891
1100892
1100901
1100902
1100903
1100911
1100912
1100913
1100914
1100921
1100922
1100923
1100924
1100925
1100926
1100927
1100928
1100929
1100931
1100932
1100933
1100934
1100941
1100942
1100943
1100944
1100951
1100952
1100953
1100954
1100955
1100961
1100962
1100963
1100964
1100971
1100972
1100973
1100974
1100981
1100982
1100983
1100984
1100985
1100991
1100992
1100993
1100994
1100995
1100996
1100997
1100998
1100999
1101001
1101002
1101003
1101011
1101012
1101013
1101014
1101021
1101022
1101023
1101024
1101025
1101026
1101031
1101032
1101033
1101034
1101035
1101041
1101042
1101043
1101044
1101051
1101052
1101053
1101054
1101061
1101062
1101063
1101064
1101071
1101072
1101073
1101081
1101082
1101083
1101084
1101085
1101086
1101091
1101092
1101093
1101094
1101101
1101102
1101103
1101104
1101111
1101112
1101113
1101114
1101121
1101122
1101123
1101124
1101131
1101132
1101133
1101134
1101135
1101136
1101141
1101142
1101143
1101151
1101152
1101153
1101154
1101161
1101162
1101163
1101164
1101171
1101172
1101173
1101181
1101182
1101183
1101184
1101191
1101192
1101193
1101194
1101201
1101202
1101203
1101204
1101211
1101212
1101213
1101214
1101215
1101216
1101221
1101222
1101223
1101224
1101231
1101232
1101233
1101234
1101241
1101242
1101243
1101244
1101245
1101246
1101251
1101252
1101253
1101254
1101255
1101261
1101262
1101263
1101264
1101265
1101271
1101272
1101273
1101281
1101282
1101283
1101284
1101285
1101291
1101292
1101293
1101294
1101301
1101302
1101303
1101311
1101312
1101313
1101314
1101321
1101322
1101323
1101324
1101325
1101326
1101331
1101332
1101333
1101334
1101341
1101342
1101343
1101344
1101351
1101352
1101353
1101354
1101361
1101362
1101363
1101364
1101371
1101372
1101373
1101374
1101381
1101382
1101383
1101384
1101391
1101392
1101393
1101394
1101401
1101402
1101403
1101404
1101411
1101412
1101413
1101414
1101421
1101461
1101462
1101463
1101464
1101465
1101471
1101472
1101473
1101474
1101475
unknow001
unknow002
unknow003
unknow004
unknow005
unknow006
unknow007
unknow008
unknow009
unknow010
unknow011
unknow012
unknow013
unknow014
unknow015
unknow016
unknow017
unknow018
unknow019
unknow020
unknow021
unknow022
unknow023
unknow024
unknow032
unknow212
unknow213
unknow214
unknow215
unknow216
unknow217
unknow394
unknow395
unknow396
unknow397
unknow398
unknow399
